0 0.079949 0.032096 0.016573 0.016573
0 0.984827 0.137955 0.013072 0.013072
0 0.985411 0.090453 0.015640 0.015640
0 0.756536 0.140990 0.014939 0.014939
0 0.439776 0.334967 0.028945 0.028945
0 0.052754 0.424837 0.030345 0.030345
0 0.499533 0.469655 0.007470 0.007470
0 0.487628 0.517040 0.012605 0.012605
0 0.477824 0.560224 0.016340 0.016340
0 0.444444 0.563959 0.013539 0.013539
0 0.441643 0.583333 0.014006 0.014006
0 0.552521 0.710784 0.030345 0.030345
0 0.602358 0.677988 0.013305 0.013305
0 0.358777 0.861111 0.011671 0.011671
